x=[1,2,4,5,7,8,9,10]';
y=[1.3,1,0.9,0.81,0.7,0.6,0.55,0.4]';
A=[1,1,1,1,1,1,1,1]';
a=[1./x,A,x,x.^2];
cs=a\y