x=[92,95,96,96.5,97,98,101,103.5,104,105,106,107,109]';
y=[163,165,167,168,171,170,172,174,176,176,177,177,181]';
A=[1,1,1,1,1,1,1,1,1,1,1,1,1]';
a=[x,A];
cs=a\y